1.050347290039062500e+02 8.331277465820312500e+01 1.519097290039062500e+02 1.241013259887695312e+02
1.614583435058593750e+02 7.376651763916015625e+01 2.118055572509765625e+02 1.171585922241210938e+02
2.812500000000000000e+02 1.293083648681640625e+02 3.272569580078125000e+02 1.753039703369140625e+02
4.427083435058593750e+02 1.241013259887695312e+02 4.843750000000000000e+02 1.631541900634765625e+02
4.427083435058593750e+02 1.562114562988281250e+02 4.843750000000000000e+02 1.926607971191406250e+02
4.453125000000000000e+02 1.900572662353515625e+02 4.843750000000000000e+02 2.282422943115234375e+02
4.166666870117187500e+02 2.317136535644531250e+02 4.644097290039062500e+02 2.811806335449218750e+02
4.175347290039062500e+02 2.768414001464843750e+02 4.644097290039062500e+02 3.245726928710937500e+02
4.583333435058593750e+02 2.325814971923828125e+02 5.060764160156250000e+02 2.820484619140625000e+02
4.618055725097656250e+02 2.794449462890625000e+02 5.086805725097656250e+02 3.237048645019531250e+02
5.026041870117187500e+02 2.334493408203125000e+02 5.503472290039062500e+02 2.811806335449218750e+02
5.017361145019531250e+02 2.768414001464843750e+02 5.529514160156250000e+02 3.263083801269531250e+02
5.633681030273437500e+02 2.256387634277343750e+02 5.963541870117187500e+02 2.542775421142578125e+02
5.920139160156250000e+02 2.247709350585937500e+02 6.258681030273437500e+02 2.560132141113281250e+02
5.711806030273437500e+02 2.568810729980468750e+02 6.189236450195312500e+02 2.994053039550781250e+02
7.013889160156250000e+02 1.171585922241210938e+02 7.534722290039062500e+02 1.614185028076171875e+02
